%hm0 hm0a hm0b hmax mdir mdira mdirb tp
0.78 0.39 0.70 1.17 161.72 194.77 151.17 10.94
0.82 0.31 0.78 1.29 150.47 174.38 146.95 9.18
0.82 0.35 0.74 1.41 156.09 201.80 152.58 8.40
0.78 0.35 0.70 1.13 159.61 195.47 151.17 8.59
0.86 0.35 0.78 1.09 153.28 187.73 148.36 8.20
0.90 0.47 0.78 1.56 154.69 189.14 146.95 11.82
0.86 0.39 0.78 1.52 156.80 194.06 150.47 8.89
0.90 0.35 0.86 1.68 145.55 187.03 140.62 8.01
0.86 0.39 0.78 1.21 151.88 195.47 144.14 8.50
0.86 0.39 0.78 1.13 151.88 187.73 142.73 9.08
0.82 0.35 0.74 1.17 154.69 190.55 149.06 9.47
0.82 0.39 0.70 1.29 151.88 191.95 144.84 10.55
0.82 0.31 0.78 1.02 148.36 195.47 139.92 9.28
0.86 0.39 0.78 1.21 148.36 180.70 142.03 8.50
0.90 0.39 0.82 1.21 153.98 190.55 146.25 8.79
0.90 0.43 0.82 1.45 152.58 180.00 144.14 8.11
0.90 0.47 0.78 1.25 153.98 170.16 150.47 8.79
0.82 0.35 0.74 1.21 172.27 201.80 163.83 8.89
0.90 0.51 0.74 1.80 167.34 180.70 161.72 10.45
0.78 0.43 0.66 0.94 175.08 192.66 164.53 9.86
0.70 0.43 0.55 0.98 187.03 193.36 175.78 12.01
0.94 0.66 0.70 1.41 172.97 185.62 156.80 10.45
0.98 0.62 0.74 1.72 170.16 196.17 148.36 12.01
0.94 0.55 0.74 1.48 169.45 204.61 151.88 12.01
1.02 0.70 0.74 1.56 170.16 193.36 149.77 11.91
0.86 0.55 0.66 1.21 165.23 201.80 146.25 12.30
1.09 0.66 0.86 1.60 176.48 189.14 165.23 10.35
1.21 0.66 1.02 2.03 200.39 196.88 194.77 11.23
1.33 0.70 1.13 1.72 217.97 206.02 227.81 11.04
1.41 0.70 1.21 1.84 247.50 225.00 258.75 11.23
1.33 0.70 1.13 1.56 242.58 209.53 253.83 12.21
1.25 0.62 1.09 1.64 243.98 201.09 257.34 11.82
1.29 0.70 1.05 1.64 233.44 203.20 245.39 12.99
1.37 0.70 1.17 1.99 239.06 197.58 253.12 12.99
1.37 0.78 1.09 1.64 234.84 206.72 250.31 12.01
1.25 0.62 1.09 1.95 234.84 191.25 247.50 12.99
1.41 0.74 1.17 1.95 222.89 201.09 229.22 11.04
1.45 0.59 1.33 2.07 226.41 193.36 228.52 5.66
1.68 0.62 1.56 2.85 222.19 191.25 223.59 5.66
1.91 0.55 1.80 2.42 225.70 203.91 226.41 6.05
1.99 0.59 1.88 2.81 222.89 203.91 224.30 6.93
1.88 0.62 1.80 3.36 227.11 201.09 227.81 6.64
2.15 0.66 2.03 3.01 224.30 194.06 225.70 6.74
2.15 0.59 2.07 2.97 229.92 213.75 231.33 7.32
1.99 0.66 1.88 2.50 227.11 217.27 227.11 7.23
2.11 0.74 1.99 2.93 232.03 223.59 233.44 7.91
2.19 0.62 2.07 3.01 232.03 243.98 233.44 7.71
2.50 0.62 2.42 3.16 237.66 242.58 238.36 7.91
2.34 0.70 2.27 3.28 233.44 232.03 234.14 9.08
2.42 0.86 2.27 4.80 235.55 238.36 237.66 8.50
2.38 0.59 2.34 3.52 229.92 232.03 230.62 9.18
2.27 0.62 2.19 3.20 231.33 247.50 231.33 8.30
2.66 0.55 2.62 4.10 240.47 236.95 241.17 9.18
2.38 0.86 2.23 3.20 230.62 220.08 232.73 9.18
2.62 0.70 2.50 3.40 226.41 214.45 227.11 8.69
2.81 0.70 2.73 3.67 222.89 219.38 222.89 8.50
2.85 0.70 2.73 3.67 227.11 205.31 228.52 8.89
2.66 0.74 2.54 4.10 219.38 206.02 220.08 9.18
2.77 0.78 2.66 3.91 219.38 208.83 220.08 8.89
2.81 0.66 2.73 3.67 213.75 196.88 214.45 8.50
3.09 0.86 2.97 4.77 218.67 215.16 218.67 8.30
2.73 0.74 2.62 3.67 215.86 203.20 216.56 8.98
2.62 0.66 2.54 4.49 213.75 215.16 213.05 8.50
2.38 0.82 2.27 3.20 209.53 194.06 209.53 8.11
2.66 0.78 2.54 3.59 213.75 216.56 213.75 8.79
2.62 0.82 2.46 4.45 217.27 208.83 217.27 8.79
2.34 0.59 2.27 3.24 210.23 212.34 210.94 8.98
2.30 0.59 2.23 3.91 214.45 214.45 214.45 8.98
2.27 0.90 2.07 3.16 209.53 216.56 209.53 8.69
2.46 1.09 2.23 3.44 212.34 215.86 213.05 9.57
2.70 1.25 2.38 4.18 210.23 213.05 210.94 8.98
2.46 1.02 2.23 3.12 206.72 208.12 206.02 9.77
2.66 1.13 2.38 3.71 209.53 215.16 208.83 9.47
2.38 1.25 2.03 3.20 207.42 204.61 207.42 10.25
2.97 1.52 2.54 5.55 206.02 209.53 206.02 9.77
2.70 1.48 2.27 5.00 203.91 210.23 203.20 10.35
2.54 1.41 2.11 4.30 204.61 210.23 202.50 10.94
2.70 1.60 2.15 3.98 203.91 212.34 201.80 10.35
2.58 1.48 2.11 3.71 202.50 207.42 200.39 9.96
2.23 1.13 1.91 3.01 199.69 206.02 198.98 10.16
2.58 1.33 2.23 4.84 201.80 201.09 202.50 8.59
2.70 1.68 2.11 3.83 196.88 203.91 194.77 10.55
2.46 1.41 1.99 4.10 199.69 204.61 198.98 10.94
2.30 1.25 1.91 3.44 199.69 204.61 196.17 11.23
2.34 1.37 1.91 3.67 197.58 201.80 196.17 10.55
2.54 1.56 1.99 3.75 203.20 208.83 200.39 10.45
2.23 1.33 1.80 3.01 200.39 201.80 198.98 11.13
2.46 1.29 2.11 3.79 199.69 208.83 196.17 9.67
2.34 1.37 1.91 3.16 198.98 203.91 198.28 10.45
2.30 1.02 2.03 2.89 193.36 198.98 192.66 9.67
2.62 1.56 2.11 3.95 199.69 206.72 200.39 10.06
2.30 1.21 1.95 3.63 198.28 206.72 196.17 10.35
2.30 1.33 1.88 3.09 201.09 209.53 201.09 11.43
2.34 1.41 1.88 3.71 198.28 203.20 196.88 10.64
2.54 1.52 2.03 3.79 196.17 200.39 196.17 10.64
2.85 1.84 2.19 4.14 198.28 200.39 198.28 10.35
2.62 1.76 1.95 3.75 195.47 198.28 195.47 11.04
2.27 1.25 1.91 3.09 192.66 199.69 191.25 10.74
2.42 1.45 1.95 3.55 190.55 191.25 189.84 11.04
2.46 1.45 2.03 3.91 188.44 194.06 187.73 10.16
2.15 1.33 1.72 3.28 193.36 198.98 193.36 10.35
2.34 1.45 1.84 3.95 187.73 188.44 187.03 10.94
2.30 1.41 1.84 2.97 191.25 194.06 191.95 10.16
2.15 1.29 1.76 4.26 189.84 198.98 188.44 10.64
2.30 1.45 1.76 3.20 184.22 187.03 185.62 10.64
2.19 1.41 1.68 3.40 185.62 184.92 186.33 11.23
2.03 1.05 1.72 2.97 185.62 191.25 184.22 11.04
2.38 1.60 1.76 3.24 183.52 186.33 183.52 10.35
2.30 1.13 1.99 3.52 180.70 184.92 180.70 9.67
2.30 1.48 1.80 2.93 178.59 183.52 175.08 10.94
2.07 1.37 1.56 3.09 177.19 177.19 177.89 11.13
1.99 1.21 1.56 2.85 179.30 181.41 177.89 11.23
2.23 1.52 1.60 3.59 179.30 182.81 180.70 10.64
2.07 1.25 1.64 2.73 179.30 184.22 179.30 11.13
2.27 1.41 1.76 2.81 179.30 181.41 180.00 10.06
2.15 1.45 1.60 2.73 174.38 175.08 175.08 10.16
2.15 1.41 1.60 2.97 175.08 179.30 172.27 10.94
2.27 1.56 1.64 3.12 172.97 176.48 172.27 11.23
2.19 1.45 1.64 3.12 170.86 172.97 170.16 10.35
2.15 1.25 1.76 2.85 178.59 186.33 178.59 9.18
2.07 1.21 1.68 2.73 174.38 172.97 174.38 11.04
2.23 1.45 1.72 3.16 175.08 179.30 173.67 10.25
1.95 1.29 1.45 2.93 175.08 178.59 172.27 10.64
2.07 1.33 1.56 2.89 172.27 180.70 170.16 10.16
1.84 1.05 1.48 2.46 176.48 180.00 176.48 10.25
1.91 1.25 1.45 2.58 167.34 172.27 164.53 11.62
2.07 1.45 1.52 2.85 169.45 172.97 167.34 10.64
1.76 0.98 1.45 2.89 167.34 171.56 170.16 11.91
1.80 0.98 1.48 2.30 166.64 166.64 165.23 11.82
1.91 1.25 1.45 2.34 168.75 170.86 166.64 10.55
1.80 1.05 1.45 2.70 168.75 170.86 167.34 10.94
1.84 1.05 1.48 2.34 169.45 174.38 168.75 10.25
1.72 1.02 1.37 2.27 170.86 176.48 169.45 10.45
1.76 1.21 1.29 2.30 170.86 177.19 168.75 11.13
1.95 1.37 1.41 2.58 172.27 176.48 170.16 11.23
1.88 1.13 1.52 2.62 166.64 170.16 164.53 11.04
1.84 1.05 1.48 2.42 166.64 171.56 166.64 9.96
1.80 0.94 1.52 2.42 164.53 171.56 163.12 8.79
1.88 1.02 1.60 2.77 165.23 174.38 163.83 10.55
1.80 1.02 1.48 3.24 161.72 170.16 160.31 10.74
1.88 1.13 1.48 3.12 161.72 164.53 162.42 10.64
1.91 1.09 1.56 2.73 168.05 177.19 164.53 11.13
1.84 1.05 1.52 2.54 169.45 174.38 167.34 10.74
1.88 1.02 1.56 3.01 169.45 168.75 167.34 9.86
1.80 0.94 1.56 2.77 171.56 174.38 170.16 9.86
1.88 0.98 1.60 3.16 165.23 168.05 165.23 9.96
1.80 0.90 1.52 2.54 168.05 173.67 167.34 9.96
1.68 0.90 1.45 2.85 164.53 165.23 163.83 11.13
1.72 0.90 1.45 2.19 165.23 173.67 165.23 10.45
1.52 0.74 1.33 2.11 161.72 168.05 160.31 10.55
1.56 0.86 1.33 2.27 169.45 173.67 170.16 9.18
1.56 0.78 1.37 2.27 163.83 166.64 163.83 10.35
1.41 0.55 1.29 2.27 166.64 179.30 164.53 9.18
1.33 0.70 1.13 1.91 165.94 167.34 164.53 10.16
1.45 0.78 1.17 2.19 165.23 173.67 160.31 11.04
1.41 0.62 1.25 1.95 164.53 172.97 163.12 9.67
1.41 0.62 1.25 1.84 160.31 170.86 158.20 10.25
1.45 0.74 1.25 2.34 152.58 163.12 150.47 11.13
1.41 0.78 1.17 2.23 156.09 168.05 152.58 10.45
1.60 0.74 1.41 2.11 153.98 163.12 150.47 8.69
1.41 0.74 1.21 1.99 149.06 156.09 148.36 10.35
1.45 0.59 1.33 1.99 144.84 172.27 141.33 8.59
1.72 0.78 1.52 2.38 146.95 155.39 144.84 8.79
1.48 0.70 1.33 2.07 144.14 165.94 138.52 10.55
1.60 0.51 1.52 2.46 147.66 170.16 143.44 8.59
1.60 0.74 1.41 2.11 149.06 155.39 146.95 9.18
1.45 0.62 1.33 2.19 146.25 158.91 143.44 8.11
1.52 0.51 1.41 1.99 143.44 153.28 141.33 9.08
1.48 0.59 1.37 2.11 148.36 164.53 145.55 8.11
1.56 0.62 1.45 2.03 149.77 158.20 146.95 8.79
1.64 0.62 1.48 2.85 146.95 156.09 146.25 8.11
1.41 0.55 1.33 2.07 151.17 162.42 149.77 8.01
1.56 0.66 1.41 2.30 152.58 158.20 151.88 8.98
1.48 0.47 1.41 2.19 149.06 163.83 147.66 8.59
1.41 0.59 1.29 1.88 151.17 156.80 149.77 7.23
1.33 0.55 1.21 2.23 151.17 161.02 149.77 8.01
1.29 0.47 1.21 2.23 147.66 161.02 145.55 8.50
1.37 0.55 1.25 2.30 151.88 168.75 147.66 7.71
1.29 0.51 1.17 1.60 149.77 163.83 146.95 7.62
1.37 0.55 1.25 2.23 144.84 163.12 142.03 7.52
1.33 0.59 1.17 1.84 141.33 159.61 136.41 7.91
1.45 0.62 1.29 1.84 146.95 174.38 140.62 7.62
1.29 0.55 1.17 2.15 147.66 176.48 142.73 8.79
1.45 0.62 1.29 1.99 144.14 159.61 141.33 7.62
1.33 0.59 1.21 1.72 147.66 180.70 139.22 8.20
1.52 0.66 1.37 2.54 144.84 197.58 137.11 7.03
1.56 0.55 1.45 2.46 137.81 178.59 133.59 8.50
1.56 0.66 1.41 2.07 127.97 50.62 130.08 8.50
1.56 0.51 1.48 2.19 132.89 164.53 129.38 7.91
1.48 0.55 1.41 1.99 132.19 161.02 130.08 7.42
1.52 0.66 1.37 2.23 139.92 172.27 133.59 7.13
1.37 0.47 1.29 1.99 139.22 171.56 135.70 8.20
1.48 0.55 1.37 2.19 142.73 165.94 138.52 8.11
1.45 0.43 1.37 2.03 142.73 167.34 140.62 8.59
1.33 0.51 1.25 1.88 144.14 163.12 140.62 8.11
1.33 0.55 1.21 2.07 148.36 173.67 143.44 7.32
1.41 0.47 1.33 2.27 140.62 158.20 139.22 7.42
1.33 0.47 1.21 2.19 137.81 163.12 132.89 7.81
1.29 0.43 1.21 1.91 142.73 169.45 138.52 7.62
1.41 0.47 1.33 2.50 139.22 161.72 135.70 7.32
1.33 0.47 1.25 1.76 144.84 171.56 140.62 7.91
1.37 0.51 1.25 2.03 147.66 177.19 142.03 7.91
1.25 0.39 1.21 1.80 140.62 164.53 137.81 8.50
1.33 0.39 1.25 1.84 143.44 175.08 139.92 7.71
1.37 0.47 1.25 2.03 139.92 169.45 136.41 7.91
1.21 0.43 1.13 1.52 137.11 163.12 133.59 7.52
1.25 0.51 1.13 1.64 139.92 184.22 134.30 8.01
1.25 0.55 1.09 1.76 129.38 146.25 130.08 24.41
1.17 0.39 1.09 1.68 132.89 158.20 130.78 7.62
1.33 0.39 1.25 2.03 130.08 161.72 128.67 7.52
1.29 0.43 1.21 1.80 130.78 164.53 127.97 7.03
1.29 0.35 1.21 1.64 130.08 175.08 125.86 7.23
1.25 0.35 1.21 1.72 127.27 168.05 124.45 7.42
1.37 0.59 1.25 1.80 125.16 286.88 121.64 7.03
1.25 0.35 1.21 1.72 129.38 175.08 125.86 8.11
1.09 0.35 1.02 1.45 129.38 193.36 126.56 7.52
1.25 0.47 1.13 1.56 134.30 175.08 127.97 7.62
1.17 0.43 1.09 1.76 128.67 141.33 126.56 7.23
1.13 0.31 1.05 1.37 130.78 158.91 127.97 8.11
1.17 0.31 1.13 1.84 130.08 161.72 127.97 7.32
1.09 0.27 1.05 1.45 126.56 163.12 122.34 7.23
1.13 0.31 1.09 1.60 130.78 187.03 125.16 7.13
1.17 0.31 1.13 1.76 130.08 168.05 127.27 7.13
1.13 0.35 1.05 1.64 129.38 166.64 125.86 7.71
1.25 0.43 1.17 1.60 135.00 186.33 127.27 7.23
1.05 0.31 1.02 1.48 123.05 187.73 120.23 7.23
1.05 0.39 1.02 1.64 127.97 165.94 122.34 7.81
1.17 0.27 1.13 1.60 120.23 180.00 116.72 7.42
1.17 0.31 1.13 1.64 125.16 182.11 121.64 7.23
1.09 0.27 1.05 1.64 128.67 205.31 124.45 7.32
1.13 0.27 1.09 1.72 130.78 166.64 127.97 7.81
0.98 0.27 0.94 1.45 130.08 144.84 128.67 7.42
1.13 0.39 1.05 1.37 132.89 192.66 129.38 7.32
1.17 0.47 1.09 1.99 136.41 258.05 127.97 7.23
1.21 0.27 1.17 1.68 126.56 210.23 124.45 7.62
1.09 0.27 1.05 1.72 129.38 196.88 125.16 7.52
1.17 0.39 1.09 1.68 126.56 151.88 125.16 6.84
1.02 0.27 0.98 1.41 129.38 180.70 126.56 6.93
1.02 0.27 0.98 1.29 125.86 355.78 127.27 7.62
1.05 0.23 1.02 1.37 132.19 160.31 130.78 7.32
0.98 0.23 0.94 1.52 133.59 191.95 130.08 6.64
0.98 0.27 0.94 1.33 136.41 169.45 132.89 6.93
0.98 0.27 0.94 1.37 133.59 145.55 131.48 7.23
1.02 0.23 0.98 1.29 134.30 193.36 131.48 7.32
0.98 0.23 0.94 1.13 127.97 189.14 125.16 6.93
0.98 0.23 0.94 1.41 132.89 156.80 131.48 7.52
0.94 0.23 0.94 1.29 136.41 168.75 133.59 6.54
0.94 0.20 0.90 1.13 136.41 180.00 134.30 6.74
0.98 0.20 0.94 1.52 137.81 154.69 137.11 6.74
0.90 0.20 0.90 1.33 139.22 166.64 138.52 6.93
0.86 0.16 0.86 1.29 139.22 141.33 139.22 6.84
0.82 0.23 0.82 1.21 139.92 143.44 139.22 6.74
0.82 0.12 0.78 1.05 144.14 169.45 142.73 6.93
0.78 0.12 0.74 1.37 141.33 151.17 140.62 7.13
0.74 0.16 0.74 1.09 145.55 168.75 144.14 6.93
0.70 0.16 0.70 0.90 141.33 167.34 139.92 7.62
0.70 0.16 0.70 0.98 139.22 152.58 137.81 7.52
0.78 0.16 0.78 1.21 139.22 159.61 137.81 7.52
0.70 0.20 0.66 0.94 140.62 153.98 139.92 7.81
0.78 0.23 0.74 0.94 143.44 166.64 141.33 7.52
0.74 0.23 0.70 1.17 141.33 170.86 138.52 8.30
0.74 0.20 0.74 1.21 139.92 152.58 137.81 7.32
0.78 0.20 0.74 1.21 144.14 166.64 142.03 7.91
0.70 0.12 0.66 0.94 149.77 160.31 148.36 8.50
0.66 0.16 0.66 0.90 148.36 146.25 148.36 8.59
0.78 0.16 0.74 0.94 149.77 151.88 149.77 8.79
0.70 0.16 0.70 0.94 154.69 148.36 155.39 8.79
0.74 0.12 0.74 1.02 156.80 149.06 156.80 8.79
0.70 0.12 0.66 1.02 156.09 170.16 155.39 8.89
0.70 0.16 0.70 1.02 151.88 158.91 151.17 8.79
0.66 0.12 0.66 1.09 147.66 156.09 146.25 7.71
0.74 0.16 0.70 1.05 142.73 156.80 141.33 8.11
0.74 0.16 0.70 0.94 149.77 165.94 148.36 8.30
0.70 0.20 0.66 1.25 142.73 156.09 141.33 8.89
0.70 0.12 0.70 1.05 143.44 176.48 142.73 8.30
0.70 0.20 0.70 0.90 146.95 160.31 145.55 8.69
0.74 0.20 0.74 1.05 153.98 163.12 152.58 8.59
0.78 0.20 0.78 1.05 157.50 171.56 156.09 8.89
0.78 0.12 0.74 1.13 164.53 166.64 163.83 8.79
0.78 0.16 0.78 1.13 169.45 157.50 169.45 8.50
0.90 0.23 0.86 1.33 165.23 168.05 163.83 8.40
0.86 0.16 0.86 1.13 155.39 151.88 155.39 9.47
0.86 0.20 0.82 1.09 163.12 159.61 162.42 8.79
0.82 0.23 0.78 1.17 161.72 163.12 161.02 8.69
0.74 0.23 0.74 1.17 168.75 164.53 168.05 8.79
0.82 0.20 0.78 1.09 163.83 197.58 161.72 8.89
0.74 0.23 0.70 1.05 159.61 169.45 156.80 8.69
0.90 0.20 0.86 1.33 148.36 182.11 144.84 8.79
0.86 0.23 0.82 1.33 161.02 196.17 156.09 8.69
0.90 0.23 0.86 1.29 158.20 177.89 156.80 8.30
0.90 0.23 0.86 1.21 156.80 184.92 154.69 7.71
0.94 0.31 0.90 1.80 170.16 231.33 168.05 8.69
0.90 0.27 0.86 1.45 160.31 193.36 157.50 8.69
0.98 0.31 0.94 1.48 157.50 208.12 156.09 8.98
1.13 0.39 1.05 1.56 165.23 215.16 163.83 9.67
0.98 0.35 0.90 1.29 159.61 207.42 156.80 10.06
1.13 0.35 1.09 1.52 164.53 217.97 161.72 8.98
1.09 0.39 1.02 1.56 176.48 200.39 172.97 9.47
1.09 0.31 1.05 1.72 160.31 184.22 158.20 8.30
1.17 0.39 1.13 1.99 163.12 191.25 160.31 9.08
1.17 0.47 1.09 1.72 162.42 197.58 159.61 9.18
1.17 0.39 1.13 1.60 153.98 176.48 149.77 9.08
1.25 0.35 1.21 1.84 154.69 177.19 151.88 8.40
1.09 0.47 0.98 1.45 162.42 196.88 153.98 9.47
1.13 0.43 1.05 2.38 168.75 199.69 163.83 9.18
1.02 0.43 0.90 1.60 165.23 194.06 163.83 8.79
1.02 0.39 0.94 1.60 159.61 190.55 155.39 8.98
1.09 0.39 1.02 1.80 153.98 172.27 153.28 9.57
1.13 0.47 1.02 1.52 157.50 189.14 153.98 8.98
1.05 0.59 0.90 1.52 163.83 180.00 158.91 10.16
1.13 0.55 1.02 1.68 165.23 191.25 161.02 9.57
1.17 0.55 1.05 1.84 173.67 187.03 168.75 9.86
1.09 0.51 0.98 1.60 164.53 203.91 158.20 9.18
1.13 0.51 1.02 1.64 161.72 193.36 156.09 9.47
1.09 0.55 0.94 1.68 167.34 191.25 161.72 9.77
1.05 0.35 0.98 1.68 161.02 180.00 159.61 9.38
1.09 0.47 0.98 1.80 168.05 192.66 164.53 9.86
1.09 0.35 1.05 1.80 170.16 205.31 168.75 8.50
1.13 0.47 1.02 1.60 194.06 187.03 192.66 9.18
1.25 0.51 1.17 1.68 196.88 194.06 196.17 10.06
1.33 0.66 1.17 1.91 216.56 209.53 217.97 8.89
1.33 0.66 1.13 1.72 210.94 205.31 215.16 9.38
1.29 0.70 1.09 1.80 217.97 205.31 221.48 9.77
1.17 0.55 1.05 1.68 201.80 203.20 202.50 9.18
1.13 0.66 0.94 1.72 195.47 203.20 194.06 9.28
1.02 0.55 0.86 1.52 184.92 201.80 181.41 9.08
1.09 0.62 0.94 1.56 188.44 198.28 188.44 9.57
1.25 0.59 1.09 1.48 201.80 198.28 203.20 9.28
1.17 0.70 0.94 1.60 205.31 198.28 210.23 12.99
1.29 0.70 1.09 2.07 206.72 197.58 213.05 9.47
1.21 0.59 1.05 1.84 215.16 208.12 216.56 9.47
1.09 0.51 0.94 1.45 219.38 208.83 223.59 9.28
1.05 0.51 0.94 1.64 201.80 204.61 201.09 9.47
1.13 0.66 0.94 1.45 200.39 203.91 198.28 10.45
1.13 0.55 0.98 1.45 196.88 202.50 194.06 9.67
1.13 0.70 0.86 1.52 198.28 200.39 197.58 10.35
1.09 0.66 0.90 1.48 194.06 201.80 190.55 10.25
1.17 0.70 0.94 1.60 189.84 205.31 180.00 11.82
1.13 0.59 0.98 1.84 195.47 203.91 192.66 8.89
1.17 0.59 1.02 1.99 187.73 203.20 182.11 9.18
1.17 0.62 1.02 1.72 182.11 203.91 173.67 7.71
1.05 0.51 0.94 1.52 182.81 198.28 177.89 9.18
0.94 0.47 0.82 1.56 183.52 195.47 177.89 9.86
1.09 0.66 0.86 1.48 186.33 203.91 175.08 13.09
0.94 0.51 0.82 1.52 179.30 201.80 170.16 11.62
1.05 0.70 0.82 1.68 189.14 206.02 178.59 13.09
1.09 0.74 0.82 1.52 186.33 205.31 171.56 12.60
0.98 0.55 0.82 1.52 177.19 201.80 168.05 8.98
1.05 0.74 0.78 1.60 189.84 206.02 175.08 11.23
0.98 0.51 0.82 1.48 180.70 197.58 174.38 8.98
0.98 0.62 0.74 1.37 189.14 207.42 178.59 8.98
1.05 0.70 0.82 1.45 188.44 201.09 182.81 12.01
1.02 0.62 0.82 1.72 185.62 200.39 177.19 10.74
0.90 0.59 0.66 1.17 190.55 199.69 181.41 11.23
1.02 0.70 0.78 1.41 191.25 198.28 189.14 10.06
1.05 0.66 0.82 1.48 194.06 201.09 189.14 10.45
1.02 0.55 0.86 1.91 192.66 199.69 188.44 9.77
1.05 0.62 0.82 1.64 193.36 208.83 189.14 8.79
1.02 0.70 0.78 1.37 189.84 200.39 181.41 12.99
1.02 0.51 0.90 1.48 185.62 194.77 183.52 9.47
0.94 0.51 0.78 1.48 192.66 200.39 189.14 9.67
0.90 0.55 0.70 1.17 186.33 198.98 180.00 10.16
1.02 0.51 0.86 1.48 181.41 195.47 176.48 8.69
0.90 0.43 0.82 1.41 180.70 184.92 177.89 10.25
0.86 0.39 0.78 1.13 176.48 193.36 172.27 8.30
0.90 0.43 0.78 1.09 184.92 198.28 178.59 9.57
0.94 0.55 0.78 1.33 180.70 195.47 170.86 11.43
0.86 0.43 0.74 1.45 184.92 199.69 180.00 8.79
0.94 0.55 0.78 1.45 177.89 193.36 169.45 11.23
0.90 0.51 0.74 1.17 180.70 201.80 173.67 11.52
0.90 0.51 0.74 1.29 177.19 194.06 171.56 10.94
0.86 0.43 0.74 1.09 176.48 205.31 168.05 10.74
0.94 0.43 0.82 1.37 171.56 208.83 164.53 8.40
0.86 0.47 0.74 1.17 177.89 215.16 166.64 11.62
0.94 0.55 0.78 1.41 179.30 199.69 172.97 10.35
0.98 0.59 0.78 1.37 179.30 204.61 167.34 10.74
1.13 0.66 0.90 1.52 175.08 208.83 156.80 12.30
1.09 0.70 0.82 1.64 177.89 210.23 159.61 13.48
1.02 0.55 0.86 1.45 171.56 217.97 161.02 11.62
1.13 0.70 0.90 1.45 173.67 206.02 156.09 11.52
1.17 0.59 1.02 1.52 165.94 213.05 155.39 10.16
1.25 0.62 1.05 1.64 165.94 212.34 152.58 13.28
1.21 0.62 1.05 1.72 165.94 214.45 151.88 12.21
1.25 0.62 1.09 1.80 164.53 210.23 149.06 12.60
1.33 0.66 1.17 1.88 164.53 213.05 149.06 12.30
1.33 0.70 1.13 1.80 168.05 207.42 154.69 12.50
1.33 0.74 1.13 2.03 169.45 206.72 151.17 14.26
1.37 0.82 1.09 1.88 172.27 210.23 146.25 13.87
1.48 0.94 1.17 1.80 178.59 213.05 154.69 14.26
1.37 0.78 1.13 1.76 163.12 208.83 148.36 13.67
1.48 1.02 1.05 1.84 175.78 211.64 144.14 13.09
1.56 1.17 1.02 2.54 184.22 209.53 148.36 12.50
1.29 0.82 0.98 1.64 170.86 209.53 144.84 13.87
1.33 0.90 0.98 1.84 170.16 202.50 138.52 14.06
1.25 0.86 0.90 1.68 178.59 210.94 146.25 13.48
1.17 0.78 0.90 1.68 171.56 196.17 151.88 12.21
1.25 0.94 0.86 1.88 181.41 208.83 151.88 11.82
1.17 0.82 0.82 1.56 181.41 210.94 156.09 13.48
1.33 1.02 0.86 2.03 191.25 213.75 154.69 11.04
1.09 0.74 0.78 1.56 185.62 220.08 161.02 13.28
1.25 0.94 0.82 1.72 191.95 215.16 154.69 13.67
1.33 1.02 0.82 1.64 189.84 212.34 158.20 12.50
1.17 0.78 0.86 1.48 175.08 213.75 146.25 13.28
1.21 0.82 0.86 1.56 177.89 206.02 149.06 11.04
1.13 0.74 0.86 1.45 168.05 203.20 144.14 11.82
1.02 0.62 0.82 1.29 160.31 206.02 139.92 12.21
1.05 0.70 0.82 1.76 171.56 206.72 151.17 12.21
0.98 0.59 0.78 1.41 159.61 203.91 140.62 13.87
0.98 0.59 0.78 1.45 162.42 200.39 141.33 13.09
1.05 0.70 0.78 1.88 174.38 208.12 142.73 12.30
0.90 0.59 0.70 1.21 165.23 203.91 148.36 13.09
1.09 0.78 0.74 1.64 183.52 202.50 153.98 13.09
1.17 0.82 0.82 1.80 206.72 208.12 201.80 14.06
1.13 0.74 0.86 1.60 215.16 213.05 219.38 12.60
1.17 0.90 0.78 1.95 205.31 205.31 203.20 12.99
1.05 0.70 0.78 1.37 202.50 212.34 181.41 12.30
1.05 0.86 0.66 1.72 195.47 202.50 179.30 13.09
0.94 0.59 0.74 1.37 182.11 198.28 168.05 12.50
1.02 0.78 0.66 1.52 189.14 200.39 165.94 14.45
1.05 0.78 0.70 1.45 187.03 201.80 165.23 14.06
1.02 0.70 0.74 1.76 180.70 203.20 163.83 13.87
1.05 0.78 0.74 1.56 187.73 207.42 162.42 12.21
1.09 0.74 0.78 1.84 175.08 201.09 157.50 12.21
0.94 0.59 0.70 1.17 184.22 208.83 163.83 12.79
1.02 0.74 0.70 1.41 180.00 204.61 151.17 13.28
0.90 0.66 0.62 1.13 180.00 199.69 162.42 13.87
1.02 0.74 0.70 1.41 183.52 204.61 161.02 14.06
0.86 0.62 0.62 1.33 182.81 203.91 161.72 12.60
0.86 0.59 0.66 1.13 180.70 208.12 159.61 12.60
0.90 0.59 0.66 1.33 182.81 206.72 161.72 12.60
0.94 0.62 0.70 1.52 183.52 210.23 163.83 12.21
0.86 0.55 0.66 1.13 181.41 206.72 164.53 11.82
0.82 0.47 0.70 1.25 164.53 198.98 153.98 13.28
0.82 0.51 0.66 1.21 174.38 210.94 154.69 13.48
0.78 0.43 0.66 1.05 169.45 205.31 153.98 12.50
0.90 0.59 0.70 1.29 171.56 206.02 153.98 13.09
0.82 0.51 0.62 1.21 166.64 209.53 151.17 11.91
0.74 0.47 0.59 1.05 170.86 201.80 151.17 13.28
0.74 0.51 0.59 1.05 172.97 198.28 152.58 12.30
0.74 0.47 0.55 0.98 183.52 197.58 170.86 11.62
0.74 0.47 0.59 1.13 197.58 214.45 171.56 24.41
0.86 0.55 0.66 1.13 196.17 215.16 172.97 8.11
0.78 0.51 0.62 1.13 187.73 209.53 167.34 11.43
0.74 0.35 0.62 1.13 182.81 201.80 174.38 7.52
0.74 0.39 0.62 0.90 182.81 208.83 171.56 12.21
0.78 0.39 0.70 1.17 187.03 217.97 174.38 7.13
0.82 0.43 0.70 1.13 166.64 205.31 151.88 11.62
0.82 0.31 0.74 1.17 154.69 217.27 149.06 7.52
0.90 0.39 0.78 1.33 154.69 231.33 139.92 7.32
0.82 0.39 0.74 1.09 155.39 233.44 143.44 11.23
0.86 0.35 0.78 1.13 146.95 221.48 137.81 6.54
0.86 0.35 0.78 1.17 140.62 222.89 134.30 5.96
0.94 0.47 0.82 1.29 146.95 221.48 133.59 10.45
0.90 0.35 0.82 1.05 144.14 215.16 134.30 6.93
0.94 0.31 0.86 1.64 139.22 220.08 134.30 7.13
0.86 0.27 0.82 1.37 138.52 196.88 132.89 7.32
0.82 0.27 0.78 0.94 137.81 222.19 132.19 7.23
0.74 0.27 0.66 0.94 142.03 200.39 135.70 7.91
0.86 0.31 0.82 1.17 225.00 182.81 250.31 3.12
1.09 0.27 1.09 1.45 280.55 198.98 285.47 4.20
1.33 0.31 1.29 1.88 285.47 187.73 287.58 4.88
1.60 0.27 1.56 2.07 288.98 180.00 289.69 5.37
1.52 0.35 1.48 2.50 282.66 191.95 284.06 5.76
1.41 0.31 1.41 2.03 273.52 170.86 274.92 5.47
1.37 0.27 1.33 1.80 270.70 198.98 272.11 5.57
1.29 0.20 1.25 1.88 269.30 201.09 270.00 5.96
1.29 0.20 1.29 1.76 257.34 208.83 258.05 5.57
1.37 0.20 1.37 2.19 255.94 193.36 256.64 5.57
1.25 0.16 1.25 1.95 258.75 213.05 259.45 5.96
1.09 0.31 1.02 1.45 251.72 269.30 248.91 5.37
0.94 0.23 0.90 1.41 229.92 187.73 228.52 5.47
0.98 0.20 0.98 1.56 235.55 191.25 235.55 5.76
0.90 0.27 0.86 1.09 233.44 197.58 235.55 5.27
0.74 0.20 0.74 1.09 224.30 182.81 226.41 4.88
0.74 0.20 0.70 0.94 232.73 191.25 234.84 5.08
0.70 0.16 0.70 1.17 230.62 187.03 231.33 4.88
0.70 0.20 0.66 0.90 232.73 206.02 234.84 5.37
0.70 0.20 0.66 1.02 239.06 201.80 241.17 5.08
0.74 0.20 0.70 0.90 252.42 185.62 255.23 3.32
0.74 0.16 0.74 1.05 246.09 205.31 246.80 4.10
0.82 0.16 0.82 1.09 250.31 182.81 253.12 4.79
0.78 0.16 0.74 1.02 246.80 194.77 248.91 4.79
0.82 0.16 0.82 1.13 241.88 192.66 243.28 4.98
0.90 0.20 0.86 1.25 234.14 207.42 235.55 4.79
0.86 0.20 0.82 1.25 233.44 223.59 234.14 5.27
0.78 0.20 0.74 1.21 229.92 224.30 229.92 4.98
0.78 0.23 0.74 1.17 220.08 210.94 220.78 4.98
0.78 0.16 0.78 1.21 225.00 203.20 225.70 4.69
0.82 0.23 0.78 1.41 220.78 196.17 220.78 5.37
0.86 0.16 0.86 1.25 234.84 189.14 236.25 5.66
1.02 0.23 0.98 1.48 237.66 223.59 237.66 5.47
1.05 0.16 1.05 1.56 235.55 209.53 234.84 5.66
1.29 0.20 1.29 2.27 235.55 205.31 235.55 5.57
1.37 0.20 1.37 1.95 232.73 175.08 232.73 5.86
1.56 0.20 1.56 2.34 242.58 206.02 242.58 6.64
1.52 0.20 1.52 2.54 239.77 225.70 239.77 5.86
1.72 0.20 1.68 2.66 243.28 180.70 243.28 6.25
1.80 0.23 1.76 2.73 246.09 208.12 246.80 6.74
1.64 0.20 1.64 2.27 241.88 205.31 241.88 6.74
1.88 0.20 1.88 3.05 243.28 203.20 243.28 6.74
2.03 0.23 1.99 3.12 243.28 225.00 243.28 7.71
2.15 0.27 2.15 3.20 249.61 234.84 249.61 8.30
2.11 0.23 2.07 2.62 245.39 238.36 244.69 8.11
2.30 0.27 2.30 4.22 242.58 222.89 242.58 8.40
1.99 0.31 1.99 2.81 243.28 217.27 243.98 7.71
1.95 0.31 1.95 2.66 232.73 199.69 233.44 7.62
1.88 0.27 1.84 2.70 229.92 219.38 230.62 7.71
1.80 0.27 1.80 2.81 230.62 212.34 230.62 8.11
1.84 0.39 1.80 2.85 228.52 208.12 229.22 8.11
1.64 0.55 1.56 2.19 227.11 229.92 227.81 7.32
1.68 0.35 1.64 2.46 222.19 229.22 222.19 8.79
1.72 0.43 1.68 2.23 229.22 211.64 230.62 8.20
1.76 0.39 1.72 2.89 229.22 222.19 229.92 8.79
1.80 0.55 1.68 2.85 222.89 217.97 223.59 8.79
1.68 0.47 1.64 2.11 224.30 221.48 224.30 9.57
1.72 0.39 1.68 2.27 232.73 214.45 232.73 8.40
1.68 0.43 1.64 2.66 227.81 213.05 228.52 8.59
1.80 0.47 1.76 3.12 225.00 213.05 225.00 8.59
1.76 0.59 1.68 2.34 220.78 201.80 221.48 9.18
1.68 0.43 1.64 2.85 214.45 205.31 214.45 9.47
1.64 0.59 1.52 2.07 220.78 206.72 222.19 9.18
1.60 0.66 1.45 2.15 213.75 203.91 214.45 9.18
1.68 0.74 1.52 2.58 218.67 217.27 218.67 9.18
1.72 0.82 1.52 2.27 215.16 213.05 215.16 9.18
1.64 0.66 1.52 2.30 212.34 209.53 212.34 9.08
1.72 0.78 1.48 2.19 215.86 220.08 215.86 9.86
1.72 0.90 1.45 2.54 217.27 213.75 216.56 9.96
1.52 0.47 1.45 2.34 209.53 204.61 210.23 9.18
1.72 0.74 1.56 2.81 211.64 219.38 211.64 8.50
1.48 0.74 1.29 2.30 208.12 222.19 206.72 10.06
1.64 0.90 1.37 2.27 203.91 203.20 203.20 10.06
1.41 0.55 1.29 2.46 206.02 226.41 206.72 9.96
1.68 0.74 1.52 2.30 203.91 210.23 203.91 9.77
1.52 0.43 1.48 2.54 202.50 217.97 202.50 9.96
1.45 0.43 1.37 1.88 200.39 229.22 200.39 9.47
1.37 0.39 1.33 1.99 196.17 212.34 196.17 9.77
1.37 0.31 1.33 2.15 200.39 224.30 200.39 9.38
1.21 0.31 1.17 1.45 189.84 210.94 189.84 9.18
1.29 0.31 1.25 2.03 192.66 211.64 192.66 8.89
1.21 0.27 1.17 1.68 201.09 211.64 200.39 8.79
1.25 0.39 1.17 1.76 191.25 197.58 189.84 9.57
1.25 0.47 1.17 1.76 193.36 209.53 191.95 8.89
1.33 0.39 1.25 2.11 182.11 211.64 180.00 8.30
1.41 0.59 1.29 2.07 186.33 209.53 183.52 8.98
1.45 0.59 1.33 2.07 182.11 200.39 179.30 8.98
1.37 0.43 1.29 1.91 177.89 198.98 175.78 9.38
1.41 0.47 1.29 1.91 174.38 195.47 171.56 9.18
1.52 0.62 1.37 2.03 171.56 183.52 170.86 8.79
1.56 0.74 1.33 2.03 177.19 197.58 172.27 8.50
1.60 0.82 1.37 2.38 170.16 193.36 165.94 11.62
1.48 0.86 1.25 1.99 173.67 191.95 170.86 8.30
1.37 0.74 1.17 1.99 168.75 183.52 163.12 11.62
1.56 0.78 1.33 2.30 168.75 193.36 162.42 8.79
1.60 0.78 1.37 2.38 172.27 185.62 169.45 8.98
1.45 0.78 1.21 2.03 172.27 192.66 162.42 10.94
1.33 0.62 1.17 2.70 175.08 200.39 170.16 8.40
1.37 0.62 1.21 1.99 165.23 180.70 163.83 7.91
1.37 0.59 1.21 1.84 166.64 190.55 162.42 8.79
1.21 0.55 1.05 1.45 165.23 185.62 161.72 7.71
1.21 0.47 1.13 2.19 165.23 182.81 162.42 9.18
1.41 0.59 1.29 1.99 168.05 184.22 165.23 9.18
1.29 0.66 1.09 1.99 172.97 193.36 169.45 10.25
1.21 0.51 1.13 1.72 165.94 182.11 163.12 9.38
1.17 0.43 1.09 1.52 165.23 189.14 162.42 9.67
1.13 0.39 1.05 1.41 161.72 176.48 159.61 9.18
1.17 0.51 1.05 1.60 156.09 179.30 153.28 10.25
1.21 0.47 1.09 1.76 156.80 177.89 152.58 9.08
1.05 0.39 0.98 1.68 156.09 189.84 151.88 9.28
1.02 0.43 0.94 1.52 149.77 194.77 147.66 7.71
1.05 0.39 1.02 1.37 151.17 163.12 148.36 9.28
1.05 0.39 0.98 1.76 146.95 177.19 145.55 9.96
1.02 0.31 0.98 1.41 148.36 178.59 144.84 9.28
1.05 0.35 0.98 1.48 153.98 182.11 151.88 9.77
0.98 0.39 0.86 1.25 154.69 186.33 149.77 10.45
0.90 0.35 0.86 1.33 159.61 180.00 156.80 8.11
0.90 0.35 0.82 1.21 150.47 185.62 144.14 7.81
0.86 0.31 0.78 1.09 149.77 169.45 146.95 9.57
0.86 0.31 0.82 1.33 156.80 175.08 153.98 7.91
0.82 0.31 0.78 1.05 153.28 177.89 149.06 8.30
0.82 0.31 0.74 1.41 158.20 187.73 155.39 10.35
0.78 0.27 0.74 1.17 153.28 186.33 151.88 7.23
0.86 0.23 0.82 1.09 155.39 296.02 154.69 8.50
0.82 0.23 0.82 1.09 156.09 175.08 154.69 6.93
0.78 0.23 0.78 1.13 157.50 198.28 154.69 7.71
0.82 0.20 0.78 1.13 151.88 168.05 151.17 7.03
0.78 0.20 0.78 1.13 154.69 191.95 153.28 7.23
0.78 0.20 0.74 1.17 152.58 190.55 151.17 7.91
0.82 0.27 0.74 1.05 153.28 184.22 150.47 5.66
0.78 0.20 0.74 0.98 146.95 175.08 142.73 6.45
0.74 0.27 0.70 1.25 149.06 205.31 143.44 5.18
0.74 0.23 0.70 1.13 145.55 187.03 144.14 7.13
0.70 0.23 0.70 1.25 144.14 145.55 144.14 7.52
0.70 0.20 0.66 0.94 149.06 190.55 142.73 5.96
0.74 0.20 0.70 0.94 142.73 166.64 142.03 6.45
0.78 0.20 0.78 1.17 139.22 158.91 137.81 5.57
0.74 0.16 0.74 1.21 140.62 125.86 141.33 6.74
0.78 0.16 0.78 1.13 139.22 155.39 139.92 6.93
0.82 0.12 0.82 1.33 139.22 155.39 139.22 6.84
0.86 0.16 0.82 1.09 138.52 208.12 136.41 6.64
0.78 0.12 0.78 1.25 139.22 152.58 139.22 7.23
0.78 0.16 0.78 1.21 141.33 175.08 139.92 7.03
0.74 0.12 0.74 1.13 138.52 170.86 137.81 6.54
0.74 0.12 0.74 1.17 142.03 153.28 142.03 6.45
0.74 0.12 0.74 0.98 139.92 180.70 139.92 6.93
0.74 0.12 0.74 1.13 142.73 182.81 142.03 7.13
0.78 0.12 0.78 1.02 143.44 175.78 142.73 6.93
0.70 0.12 0.66 1.02 140.62 163.12 140.62 6.84
0.78 0.12 0.78 1.13 142.73 188.44 142.03 6.64
0.70 0.12 0.70 0.98 146.25 193.36 145.55 6.74
0.70 0.12 0.66 1.21 144.14 176.48 142.73 6.45
0.66 0.12 0.66 0.90 145.55 201.80 144.14 6.64
0.62 0.12 0.62 0.94 146.95 180.70 146.25 7.23
0.66 0.16 0.62 0.94 146.25 173.67 145.55 7.13
0.62 0.12 0.62 1.05 149.77 192.66 149.06 7.32
0.62 0.12 0.59 0.94 149.77 189.84 149.06 6.54
0.59 0.12 0.59 0.82 149.77 190.55 148.36 6.15
0.62 0.16 0.62 0.86 148.36 180.70 146.95 5.76
0.62 0.12 0.62 0.82 151.17 194.77 149.06 5.96
0.62 0.12 0.62 0.90 151.17 188.44 149.06 7.23
0.62 0.16 0.62 0.86 154.69 190.55 153.28 5.27
0.59 0.16 0.59 0.82 150.47 175.78 150.47 7.13
0.59 0.20 0.59 0.82 155.39 182.11 154.69 5.57
0.62 0.16 0.62 0.86 159.61 187.73 158.20 9.18
0.62 0.16 0.62 0.82 165.23 177.89 164.53 9.67
0.62 0.16 0.59 0.82 187.03 188.44 186.33 6.93
0.62 0.16 0.59 0.78 194.06 180.70 194.77 6.35
0.66 0.16 0.66 0.98 202.50 181.41 204.61 9.08
0.70 0.16 0.70 0.94 223.59 189.84 225.00 3.52
0.70 0.16 0.70 1.13 207.42 189.84 208.83 6.74
0.66 0.16 0.62 0.94 202.50 184.22 203.91 8.89
0.70 0.20 0.66 0.90 203.91 176.48 206.72 8.20
0.74 0.20 0.70 0.90 209.53 187.03 210.94 8.69
0.78 0.20 0.74 1.09 228.52 177.89 231.33 3.81
0.94 0.23 0.90 1.41 237.66 196.17 238.36 3.91
0.94 0.20 0.90 1.37 230.62 169.45 232.03 4.39
0.94 0.27 0.90 1.09 229.22 184.92 231.33 4.30
0.98 0.31 0.94 1.25 237.66 201.80 241.88 4.30
0.98 0.31 0.90 1.17 234.14 190.55 238.36 4.49
0.98 0.27 0.94 1.17 229.92 195.47 232.03 8.59
1.17 0.39 1.09 1.52 225.00 189.14 229.22 6.84
1.29 0.31 1.25 2.03 210.23 189.14 210.94 8.20
1.37 0.35 1.33 2.42 198.28 182.11 198.98 7.71
1.21 0.43 1.13 1.56 196.17 183.52 198.28 7.71
1.33 0.47 1.25 1.84 193.36 201.09 192.66 7.32
1.21 0.51 1.09 1.48 192.66 182.81 194.06 6.93
1.25 0.55 1.09 1.60 193.36 196.17 191.95 14.84
1.17 0.51 1.09 1.60 186.33 191.25 185.62 6.84
1.17 0.51 1.05 1.68 190.55 189.84 189.84 10.16
1.09 0.47 1.02 1.60 186.33 196.17 185.62 9.38
1.21 0.66 1.02 1.84 190.55 198.28 187.73 12.99
1.13 0.62 0.94 1.76 195.47 203.20 191.25 12.60
1.17 0.70 0.94 1.72 196.17 199.69 194.77 13.09
1.21 0.78 0.90 1.68 196.17 199.69 193.36 10.64
1.13 0.70 0.86 1.88 193.36 198.28 189.14 12.60
1.21 0.86 0.86 1.72 194.06 197.58 189.84 12.30
1.17 0.74 0.86 1.64 195.47 203.20 189.84 12.60
1.09 0.74 0.82 1.48 194.77 201.09 189.14 14.84
1.05 0.66 0.82 1.48 194.77 198.28 190.55 11.82
1.17 0.78 0.86 2.11 201.80 209.53 193.36 12.60
1.13 0.78 0.82 1.76 197.58 202.50 194.06 14.84
1.13 0.82 0.78 1.68 198.28 200.39 196.17 11.91
1.09 0.70 0.86 1.99 198.98 202.50 195.47 12.21
1.13 0.78 0.78 1.45 198.28 202.50 194.06 11.91
1.13 0.82 0.74 1.48 199.69 203.20 196.17 14.06
1.13 0.78 0.82 1.88 200.39 201.80 198.28 12.99
1.17 0.86 0.82 1.60 198.98 199.69 196.88 12.60
1.17 0.82 0.82 1.60 198.98 201.09 196.88 12.50
1.25 0.86 0.90 1.95 203.20 210.23 196.17 12.99
1.17 0.82 0.82 1.84 196.88 204.61 188.44 11.13
1.13 0.74 0.86 1.37 198.28 206.72 189.84 11.04
1.13 0.78 0.82 1.76 197.58 208.12 187.73 11.82
1.09 0.74 0.78 2.03 192.66 203.20 186.33 10.74
1.41 1.13 0.82 2.19 199.69 205.31 190.55 19.34
1.05 0.70 0.78 1.48 187.73 200.39 180.70 12.79
1.09 0.70 0.82 1.52 192.66 208.12 180.70 14.26
1.17 0.90 0.70 1.56 191.95 199.69 182.81 18.95
1.29 0.98 0.82 1.95 192.66 201.80 181.41 18.65
1.21 0.98 0.74 1.64 194.06 207.42 171.56 17.97
1.37 1.09 0.78 2.03 194.06 205.31 170.86 18.26
1.60 1.41 0.74 1.95 194.77 202.50 166.64 18.26
1.25 1.02 0.74 2.07 192.66 207.42 164.53 18.26
1.48 1.25 0.82 1.91 189.14 201.09 160.31 17.68
1.48 1.29 0.74 1.95 187.03 200.39 152.58 17.68
1.45 1.21 0.78 2.03 187.03 203.20 146.95 17.68
1.64 1.41 0.82 2.46 189.84 203.20 135.00 16.50
1.37 1.05 0.86 1.80 177.89 198.28 139.92 17.97
1.45 1.21 0.78 1.80 177.19 194.77 137.81 17.38
1.21 0.90 0.82 1.95 167.34 196.88 133.59 17.68
1.48 1.25 0.82 1.99 185.62 202.50 133.59 18.26
1.56 1.25 0.90 2.03 176.48 198.28 127.27 16.50
1.56 1.25 0.94 2.27 171.56 191.25 129.38 17.68
1.45 1.13 0.94 2.38 167.34 195.47 128.67 17.97
1.48 1.09 0.98 2.38 168.75 194.06 125.86 17.09
1.37 0.94 1.02 1.88 166.64 215.86 123.05 14.26
1.60 1.21 1.09 2.62 165.23 194.06 122.34 16.50
1.52 1.02 1.09 1.99 149.06 204.61 111.80 16.02
1.68 1.29 1.05 2.54 156.80 180.00 114.61 17.09
1.29 0.90 0.90 1.95 151.17 184.22 116.72 15.72
1.21 0.94 0.82 1.72 161.72 189.84 123.75 16.21
1.33 1.02 0.86 2.27 172.27 194.77 130.08 16.50
1.21 0.90 0.82 1.88 167.34 196.88 129.38 15.33
0.94 0.59 0.74 1.56 156.80 196.17 132.89 15.04
1.13 0.86 0.70 1.56 173.67 194.06 136.41 15.53
1.05 0.74 0.70 1.45 165.94 194.77 132.19 15.53
0.94 0.55 0.74 1.09 153.98 191.25 132.19 16.21
1.02 0.70 0.74 1.25 161.72 195.47 135.70 16.21
0.90 0.55 0.70 1.13 151.88 184.22 130.78 12.50
1.09 0.82 0.74 1.48 169.45 196.88 135.70 15.33
1.05 0.74 0.70 1.45 163.83 190.55 137.11 15.72
1.02 0.62 0.78 1.33 158.91 190.55 137.81 15.53
1.02 0.59 0.82 1.25 158.20 203.91 131.48 14.06
1.05 0.55 0.86 1.21 152.58 203.91 130.08 14.45
1.09 0.62 0.90 1.52 156.80 225.70 130.78 15.53
1.09 0.59 0.94 1.33 153.98 201.80 125.16 14.26
1.37 0.66 1.17 1.60 127.97 212.34 118.83 14.65
1.25 0.62 1.09 1.60 137.81 195.47 123.75 15.33
1.25 0.43 1.13 1.64 131.48 199.69 123.75 7.81
1.17 0.55 1.05 1.45 135.70 181.41 123.05 15.72
1.21 0.55 1.05 1.52 135.70 191.25 124.45 15.72
1.21 0.59 1.05 1.48 132.19 201.80 117.42 23.24
1.25 0.55 1.13 1.80 116.72 203.20 101.25 14.65
1.09 0.55 0.94 1.48 130.08 187.03 110.39 15.53
1.05 0.43 0.98 1.33 123.75 187.03 116.02 8.79
1.02 0.47 0.94 1.25 123.05 232.03 114.61 22.27
1.02 0.47 0.90 1.52 132.19 190.55 118.83 20.51
0.98 0.39 0.90 1.25 132.89 196.17 122.34 8.11
0.98 0.39 0.90 1.21 135.00 194.06 124.45 7.13
1.02 0.47 0.90 1.29 137.81 202.50 126.56 14.84
0.90 0.39 0.82 1.37 135.00 180.70 124.45 8.30
0.94 0.39 0.86 1.33 139.92 196.88 128.67 8.40
0.98 0.43 0.86 1.29 140.62 184.22 129.38 7.81
1.05 0.47 0.94 1.52 139.92 197.58 127.97 7.71
1.02 0.47 0.90 1.52 138.52 203.20 127.97 8.01
1.13 0.43 1.05 1.68 134.30 194.77 125.16 7.62
1.13 0.43 1.05 1.56 130.08 180.70 125.16 7.71
1.29 0.62 1.09 1.52 142.73 207.42 126.56 14.84
1.33 0.55 1.21 1.72 134.30 191.95 125.16 8.20
1.33 0.43 1.29 1.99 128.67 195.47 124.45 7.91
1.52 0.66 1.37 2.15 137.81 189.14 125.86 7.23
1.45 0.51 1.37 2.23 131.48 193.36 125.16 7.71
1.45 0.51 1.33 1.88 133.59 191.25 126.56 7.91
1.09 0.39 1.02 1.60 136.41 195.47 129.38 8.20
1.09 0.47 0.98 1.68 134.30 190.55 123.05 8.11
1.09 0.35 1.02 1.76 125.86 186.33 119.53 8.11
